81
59
20
72
61
66
42
81
31
66
99
56
95
79
91
38
40
73
27
95
10
75
16
91
2
76
50
67
91
10
27
55
47
21
89
54
55
12
73
13
55
19
26
77
72
21
23
13
10
28
94
14
38
76
22
60
43
65
89
96
37
63
13
83
99
23
59
63
99
71
38
64
58
91
16
66
73
84
1
68
79
72
26
94
55
4
45
96
78
18
33
2
73
45
50
62
79
34
36
42
26
80
4
99
62
84
72
84
12
8
22
11
77
31
5
86
59
46
88
80
27
35
29
23
78
75
34
67
71
48
5
11
42
13
64
31
27
18
54
34
95
94
38
67
34
90
19
60
49
93
90
54
98
70
59
50
38
46
24
24
95
55
60
13
10
78
40
53
13
91
62
96
94
20
66
92
18
15
23
5
39
2
76
57
23
54
92
92
39
79
71
89
7
73
13
81
51
45
88
95
36
40
87
40
57
4
85
7
88
11
76
84
11
10
16
54
95
39
53
16
61
37
62
22
7
30
34
12
51
21
21
79
16
77
70
19
4
98
98
83
36
47
66
43
88
16
20
38
62
71
83
51
81
10
15
47
32
93
69
85
90
16
67
89
78
25
38
43
91
5
70
97
83
54
14
12
81
84
73
72
48
48
91
45
10
60
100
21
92
54
35
64
77
8
13
10
92
98
87
45
29
81
100
48
14
33
78
78
57
41
84
50
29
18
3
21
26
25
52
58
62
70
77
99
52
35
62
31
58
81
96
85
80
71
24
15
22
41
5
48
38
12
56
2
13
28
23
18
38
24
7
40
85
19
4
76
84
57
51
39
85
69
56
50
78
20
60
56
50
42
62
95
7
6
49
6
59
34
70
4
53
78
3
12
87
88
31
15
54
63
99
59
1
2
24
6
67
30
24
99
9
63
75
97
85
84
12
82
36
69
72
95
58
84
36
87
74
18
70
95
83
88
95
57
23
73
54
74
29
91
4
93
12
59
1
55
57
67
37
36
4
10
7
60
29
8
58
55
28
94
20
58
36
78
93
51
52
54
6
3
43
38
29
48
37
42
65
14
26
78
24
78
61
93
2
65
95
94
32
62
14
38
83
10
7
53
86
44
55
50
53
41
38
38
18
72
17
78
18
25
83
66
76
25
7
90
7
48
43
99
21
56
70
10
54
75
3
67
93
85
36
82
90
36
93
42
19
48
66
35
29
42
80
67
17
54
67
21
11
20
58
55
39
26
7
82
85
47
3
50
37
23
7
27
25
14
64
26
41
27
57
8
44
52
44
87
30
47
60
49
28
82
31
14
59
62
18
40
57
94
90
99
45
29
20
55
35
37
5
16
1
15
87
76
84
5
36
74
91
84
82
67
74
30
85
95
65
72
92
99
7
60
54
80
85
89
38
14
60
66
96
23
49
83
27
86
85
56
10
100
89
21
46
7
54
52
20
73
71
55
8
71
27
8
42
1
8
97
62
93
87
78
37
56
73
31
34
87
88
91
22
38
51
11
98
36
33
25
23
26
34
72
41
79
84
24
17
59
53
95
6
22
40
49
15
24
50
5
14
45
87
81
96
90
39
98
29
72
100
33
34
94
25
83
54
91
24
25
92
27
9
34
65
51
70
71
82
78
81
44
20
58
73
56
67
14
41
59
47
53
85
38
82
33
53
14
98
96
19
50
97
99
54
46
95
69
100
97
61
38
73
19
1
18
62
78
23
14
15
40
15
26
99
63
10
61
72
48
64
18
71
46
75
2
97
36
61
85
92
80
61
36
91
78
13
97
82
25
81
95
100
20
16
29
84
90
48
8
81
45
48
51
92
36
58
41
91
27
14
19
85
89
4
84
74
10
11
53
14
72
91
68
74
74
26
43
80
14
77
59
35
82
96
54
68
71
9
52
26
51
15
61
63
83
57
43
35
62
50
68
71
97
4
58
99
44
7
74
16
82
34
53
76
44
22
68
82
39
34
23
35
97
68
81
92
93
47
35
40
99
5
41
98
35
80
100
42
46
29
96
1
99
78
92
34
28
14
9
71
95
72
83
8
85
7
76
72
96
28
14
7
91
91
20
47
21
80
37
11
77
68
36
33
2
33
19
8
52
94
37
64
57
51
78
21
61
15
90
73
19
52
14
42
9
86
51
25
65
36
56
46
75
35
14
100
41
31
84
18
37
90
53
57
47
57
93
96
69
43
4
31
92
95
32
53
54
5
51
18
42
51
62
55
66
46
5
98
62
40
18
17
60
65
52
66
34
10
94
17
87